27.27
20.49
31.11
21.62
20.6
32.42
-7.45
1.34
15.26
-7.38
1.58
-3.31
21.01
2.21
-8.08
19.36
30.71
25.15
-1.94
-9.15
15.34
21.7
38.9
33.62
16.21
6.02
31.03
28.62
29.75
-5.98
1.45
27.64
12.24
32.06
20.24
4.89
15.86
23.47
8.06
-8.54
-5.13
25.86
36.45
5.95
4.08
1.9
39.64
20.08
22.31
36.47
20.69
28.58
22.05
-6.06
35.28
8.02
-0.62
11.19
32.83
-0.25
7.81
37.62
35.61
4.74
14.05
21.92
20.96
23.86
-6.4
35.37
-1.49
27.64
37.69
16.13
25.58
8.04
10.01
11.28
37.78
9.89
0.71
-6.55
12.34
-5.46
35.35
24.67
5.3
0.39
34.62
17.27
1.32
23.6
28.24
-3.72
0.61
29.2
30.24
22.1
5.74
-2.46
